INFO: 2023-02-19 13:30:30,527: Data
INFO: 2023-02-19 13:30:30,619: Data shape (110527, 14)
INFO: 2023-02-19 13:30:30,791: Percentage of women: 0.653882342398853
INFO: 2023-02-19 13:30:30,936: Percentage of men: 0.346117657601147
ERROR: 2023-02-19 13:30:31,056: Data shape is incorrect!
